-3.115479335936079,-0.401313075491993,
-0.11977220040753,-0.9448491210840326,
-0.4342774685280347,0.6164047237751785,
-0.3189869569561552,0.4519860155165075,
-1.838500144250133,0.2538046089791607,
-2.9494222581018166,-2.2173687538172384,
-0.710159809732949,-0.40319953384592566,
-1.513284904309305,-0.9857071818141754,
1.010724103393279,-1.771486009176689,
1.0699837036617739,0.1448366654840536,


-0.27461681395452964,-1.4218206674025784,1.7666021213561263,-0.0556414923544295,0.25623227021886563,0.8794985354641512,-3.457355872398195,-0.8575504299906322,-0.18147049417155947,1.578311734353098,


-0.1714998442409652;
0.698020263699197;
-3.051118108321896;
-2.6425308965090673;
-3.019593038494599;
1.4953073411410158;
5.279306661494891;
-0.965649140436669;
1.5656463408436045;
-2.077851514026317;


2.2253230225962146;


